[[[0.05350268697646143, 0.8220022955860398, 0.812967159985413, 0.254402786396393, 0.5855187638291024, 0.4067611590764467, 0.545434464603128, 0.5417131439891343, 0.10708827490299244, 0.0490722929516082, 0.9334368426433505, 0.5279947964714333, 0.3072714755112005, 0.633765055404534, 0.7630808959557647, 0.9059065641803745, 0.22306602449516277, 0.4109900031492403, 0.8017298696225479, 0.4563712524994725], [0.8220022955860398, 0.6851054698785368, 0.9708167737167573, 0.819081705138506, 0.5223520557963695, 0.8150878407384713, 0.3995557802028902, 0.8074843575205569, 0.5831287746591259, 0.5650475898384879, 0.2616744882108233, 0.13501238947031424, 0.7155873731172485, 0.8112152779642382, 0.20004387073343666, 0.860771815939016, 0.43812720876357836, 0.1550406484912168, 0.27919601443592446, 0.4606376469902732], [0.812967159985413, 0.9708167737167573, 0.718760143412609, 0.9313431966222386, 0.033606631686967314, 0.2714321529189354, 0.009986531134357546, 0.023127038890463858, 0.41175065202143046, 0.405791108433011, 0.11340227844031514, 0.2816611494718946, 0.5968499340680721, 0.6400794568548411, 0.6956589180668956, 0.4963930047878571, 0.6215290142822288, 0.034256751585786116, 0.19137487404466091, 0.9717076976958742], [0.254402786396393, 0.819081705138506, 0.9313431966222386, 0.4318651727791051, 0.23864213859174688, 0.14445074349945253, 0.8835914319329111, 0.34475753657864927, 0.5379352103995884, 0.5069848109051218, 0.43046905286593407, 0.7387781637167387, 0.7567443223452978, 0.2527064357398928, 0.026597672987579646, 0.9374671867179862, 0.8294113360023652, 0.5190100105184934, 0.9953202188842939, 0.6678767146034701], [0.5855187638291024, 0.5223520557963695, 0.033606631686967314, 0.23864213859174688, 0.7761735948451568, 0.08336762001073961, 0.12253318391853252, 0.08455235849854792, 0.082636466113443, 0.6097606593443966, 0.6256781916759779, 0.2738440212194051, 0.3789227735793027, 0.6400373823535285, 0.9730039217489388, 0.31579680757255835, 0.3893071193229931, 0.6854821225177807, 0.9465013649056271, 0.8443202982203039], [0.4067611590764467, 0.8150878407384713, 0.2714321529189354, 0.14445074349945253, 0.08336762001073961, 0.8894015016297073, 0.8584362433646328, 0.32685277678897184, 0.052030359175332386, 0.18995317227983877, 0.6759393347911408, 0.7426254126562051, 0.6549140870814307, 0.4789413641901419, 0.9180883721830153, 0.6736554442599023, 0.4540666450895875, 0.4168271458425733, 0.45474367923591974, 0.007021249746038127], [0.545434464603128, 0.3995557802028902, 0.009986531134357546, 0.8835914319329111, 0.12253318391853252, 0.8584362433646328, 0.33241206099773124, 0.47800211554856287, 0.3575848684615036, 0.28576727339044516, 0.4241795982604142, 0.8671930437878395, 0.8081865022810508, 0.5103265163279378, 0.6326618133069074, 0.21847365415510422, 0.31632999991243704, 0.2714941338382493, 0.03913410696463171, 0.7596969274358888], [0.5417131439891343, 0.8074843575205569, 0.023127038890463858, 0.34475753657864927, 0.08455235849854792, 0.32685277678897184, 0.47800211554856287, 0.03826226673299571, 0.5213832791288245, 0.8117044793121615, 0.7127393733478483, 0.9538791840940626, 0.6193861968934702, 0.47626114960327937, 0.8826714488262233, 0.35256819341970425, 0.6344136924610287, 0.7808270137821769, 0.583898716276935, 0.6564253115614683], [0.10708827490299244, 0.5831287746591259, 0.41175065202143046, 0.5379352103995884, 0.082636466113443, 0.052030359175332386, 0.3575848684615036, 0.5213832791288245, 0.29915571817431696, 0.24842336232310935, 0.7260233344185476, 0.7177394110855834, 0.2552601880447132, 0.08380492727207989, 0.8853970066640626, 0.3821600462903725, 0.3939184142126706, 0.06805858354785232, 0.05318198720876299, 0.7049904306226342], [0.0490722929516082, 0.5650475898384879, 0.405791108433011, 0.5069848109051218, 0.6097606593443966, 0.18995317227983877, 0.28576727339044516, 0.8117044793121615, 0.24842336232310935, 0.6125188329352372, 0.49319963374149856, 0.7348729502914141, 0.06458373407975504, 0.9679089339749012, 0.689297350153186, 0.5855330168215592, 0.599625312042105, 0.011885545870045866, 0.10833216147667124, 0.15183191128973939], [0.9334368426433505, 0.2616744882108233, 0.11340227844031514, 0.43046905286593407, 0.6256781916759779, 0.6759393347911408, 0.4241795982604142, 0.7127393733478483, 0.7260233344185476, 0.49319963374149856, 0.8917088472755694, 0.5300433992979727, 0.9348250479839582, 0.25339974933364684, 0.5977497869660586, 0.8247070724212667, 0.9812497732845755, 0.44422433768592184, 0.9738966796016875, 0.6553182490507101], [0.5279947964714333, 0.13501238947031424, 0.2816611494718946, 0.7387781637167387, 0.2738440212194051, 0.7426254126562051, 0.8671930437878395, 0.9538791840940626, 0.7177394110855834, 0.7348729502914141, 0.5300433992979727, 0.36863543161346035, 0.554864807055214, 0.013586408213873358, 0.5100645711756167, 0.5756406348186046, 0.7886810594401737, 0.8729361421726598, 0.1850338949382846, 0.936755038402132], [0.3072714755112005, 0.7155873731172485, 0.5968499340680721, 0.7567443223452978, 0.3789227735793027, 0.6549140870814307, 0.8081865022810508, 0.6193861968934702, 0.2552601880447132, 0.06458373407975504, 0.9348250479839582, 0.554864807055214, 0.6775336589812975, 0.0008582407393142866, 0.26408102622721863, 0.9932720511264505, 0.16543879148763418, 0.5723336450528315, 0.9266235409526574, 0.6398334211789546], [0.633765055404534, 0.8112152779642382, 0.6400794568548411, 0.2527064357398928, 0.6400373823535285, 0.4789413641901419, 0.5103265163279378, 0.47626114960327937, 0.08380492727207989, 0.9679089339749012, 0.25339974933364684, 0.013586408213873358, 0.0008582407393142866, 0.906333641059304, 0.622323124568961, 0.7710953551100697, 0.736644402523075, 0.2262384673672455, 0.6744138523033358, 0.944090440196442], [0.7630808959557647, 0.20004387073343666, 0.6956589180668956, 0.026597672987579646, 0.9730039217489388, 0.9180883721830153, 0.6326618133069074, 0.8826714488262233, 0.8853970066640626, 0.689297350153186, 0.5977497869660586, 0.5100645711756167, 0.26408102622721863, 0.622323124568961, 0.1340901428499337, 0.2827681550868335, 0.5541993715525205, 0.031191964708964903, 0.448627879188249, 0.2381159991460159], [0.9059065641803745, 0.860771815939016, 0.4963930047878571, 0.9374671867179862, 0.31579680757255835, 0.6736554442599023, 0.21847365415510422, 0.35256819341970425, 0.3821600462903725, 0.5855330168215592, 0.8247070724212667, 0.5756406348186046, 0.9932720511264505, 0.7710953551100697, 0.2827681550868335, 0.5114350189497836, 0.7924664637056675, 0.1071455694233, 0.6896445573366987, 0.5362197385757752], [0.22306602449516277, 0.43812720876357836, 0.6215290142822288, 0.8294113360023652, 0.3893071193229931, 0.4540666450895875, 0.31632999991243704, 0.6344136924610287, 0.3939184142126706, 0.599625312042105, 0.9812497732845755, 0.7886810594401737, 0.16543879148763418, 0.736644402523075, 0.5541993715525205, 0.7924664637056675, 0.36960695846632485, 0.7254519522291559, 0.11463154783336094, 0.3328258564687797], [0.4109900031492403, 0.1550406484912168, 0.034256751585786116, 0.5190100105184934, 0.6854821225177807, 0.4168271458425733, 0.2714941338382493, 0.7808270137821769, 0.06805858354785232, 0.011885545870045866, 0.44422433768592184, 0.8729361421726598, 0.5723336450528315, 0.2262384673672455, 0.031191964708964903, 0.1071455694233, 0.7254519522291559, 0.9083322672166627, 0.6067452021334511, 0.6681205261955884], [0.8017298696225479, 0.27919601443592446, 0.19137487404466091, 0.9953202188842939, 0.9465013649056271, 0.45474367923591974, 0.03913410696463171, 0.583898716276935, 0.05318198720876299, 0.10833216147667124, 0.9738966796016875, 0.1850338949382846, 0.9266235409526574, 0.6744138523033358, 0.448627879188249, 0.6896445573366987, 0.11463154783336094, 0.6067452021334511, 0.06545893071463671, 0.3736721033907787], [0.4563712524994725, 0.4606376469902732, 0.9717076976958742, 0.6678767146034701, 0.8443202982203039, 0.007021249746038127, 0.7596969274358888, 0.6564253115614683, 0.7049904306226342, 0.15183191128973939, 0.6553182490507101, 0.936755038402132, 0.6398334211789546, 0.944090440196442, 0.2381159991460159, 0.5362197385757752, 0.3328258564687797, 0.6681205261955884, 0.3736721033907787, 0.7234699307190909]], [[0.08430997367919701, 0.5231512106582823, 0.7299571981139354, 0.9909910661937661, 0.9144338001458682, 0.5500979049830703, 0.038200369443668114, 0.8148005641120919, 0.036978524833713, 0.24540937753443348, 0.32537607261327983, 0.6527406386076182, 0.40728117794375274, 0.8874592596838912, 0.7251969365323563, 0.009846539849650227, 0.6896361734129853, 0.2217104193681101, 0.6117834093305834, 0.28979433262597143], [0.5231512106582823, 0.9274105441133176, 0.7375174761689952, 0.905207362295327, 0.9818336553547806, 0.14624568321772802, 0.7656982871583259, 0.28634538906816465, 0.6183588162105816, 0.40430666819555483, 0.9280010415733362, 0.7883303677177051, 0.28320795835791157, 0.7736431374272061, 0.8984657160034629, 0.053388050619118, 0.34643229376697604, 0.028156616213035446, 0.31044267349158006, 0.45684639173164365], [0.7299571981139354, 0.7375174761689952, 0.8126797019949729, 0.3518336772025248, 0.3356909264418979, 0.6901629869444856, 0.2767253554042164, 0.4252083796652232, 0.3431910433406926, 0.6129498191871403, 0.9399240336392886, 0.8270457502057947, 0.3087232008011529, 0.850808274795713, 0.8995483023578228, 0.6471798058031573, 0.8155497776740992, 0.5477547342187089, 0.6426764006339315, 0.20944736112505136], [0.9909910661937661, 0.905207362295327, 0.3518336772025248, 0.23833836784290796, 0.6485455457083359, 0.33293845641199127, 0.4716011681694485, 0.41037164796771075, 0.2914883043361346, 0.47831181744753337, 0.4761677160701825, 0.07903417531533918, 0.0622477350236631, 0.36170117622475995, 0.96089580046799, 0.9230941544657519, 0.45277124952762593, 0.3257293667990373, 0.35531357060985636, 0.349994573254349], [0.9144338001458682, 0.9818336553547806, 0.3356909264418979, 0.6485455457083359, 0.7206964087745906, 0.7678969708572919, 0.5824610534979505, 0.8626097127594468, 0.9669829086995128, 0.5563832250781118, 0.28445767545405465, 0.06596650485434419, 0.8779686618778504, 0.45210843265749767, 0.5817753432697313, 0.3556721020812621, 0.5248203410749117, 0.387246207790674, 0.5549325586697326, 0.660882272310717], [0.5500979049830703, 0.14624568321772802, 0.6901629869444856, 0.33293845641199127, 0.7678969708572919, 0.9202927162535036, 0.13765900388963703, 0.6956772796619893, 0.8996511120998903, 0.11390548801183875, 0.1935974838062633, 0.954250557043261, 0.23097881411142107, 0.07169065652879725, 0.5589304098509539, 0.940033706596188, 0.980226550961146, 0.622554167872048, 0.7587099684969507, 0.17528359552293515], [0.038200369443668114, 0.7656982871583259, 0.2767253554042164, 0.4716011681694485, 0.5824610534979505, 0.13765900388963703, 0.10370539554820557, 0.9486710366719769, 0.09034067078954877, 0.04915518018055065, 0.46274817630965825, 0.27885133212905455, 0.3859800448438032, 0.21291671780438304, 0.3713128715625077, 0.430996205601899, 0.5720875568272119, 0.8846147404840734, 0.13216885339985418, 0.13604479769114886], [0.8148005641120919, 0.28634538906816465, 0.4252083796652232, 0.41037164796771075, 0.8626097127594468, 0.6956772796619893, 0.9486710366719769, 0.30347057808381217, 0.29801790740062784, 0.9898644953347904, 0.5656604565134491, 0.5753979129115062, 0.3822426315436772, 0.2723396578208034, 0.41922761056287494, 0.9321100434797551, 0.8176127149326623, 0.35412521147849463, 0.8947948427505307, 0.9445301686887062], [0.036978524833713, 0.6183588162105816, 0.3431910433406926, 0.2914883043361346, 0.9669829086995128, 0.8996511120998903, 0.09034067078954877, 0.29801790740062784, 0.4648232178241438, 0.30861584941408027, 0.9228331629694498, 0.2919999850080418, 0.7618310533794482, 0.5126230987022433, 0.3428117602881021, 0.9546513276787095, 0.12297267378810284, 0.27562188877297855, 0.34218403679563303, 0.6268876033332182], [0.24540937753443348, 0.40430666819555483, 0.6129498191871403, 0.47831181744753337, 0.5563832250781118, 0.11390548801183875, 0.04915518018055065, 0.9898644953347904, 0.30861584941408027, 0.7863252211621663, 0.8023997551916735, 0.6316572752934684, 0.7490013465574774, 0.48178226488728715, 0.5517341259120946, 0.3474900132311679, 0.25066610407760614, 0.09787073194194051, 0.7590576726191539, 0.3546370118181591], [0.32537607261327983, 0.9280010415733362, 0.9399240336392886, 0.4761677160701825, 0.28445767545405465, 0.1935974838062633, 0.46274817630965825, 0.5656604565134491, 0.9228331629694498, 0.8023997551916735, 0.8360153534832498, 0.4689298718690619, 0.7549779734599295, 0.4192714076475256, 0.8781715346274073, 0.2361234554540853, 0.8787948760932865, 0.47889592482239585, 0.22316594973725867, 0.6765764568937686], [0.6527406386076182, 0.7883303677177051, 0.8270457502057947, 0.07903417531533918, 0.06596650485434419, 0.954250557043261, 0.27885133212905455, 0.5753979129115062, 0.2919999850080418, 0.6316572752934684, 0.4689298718690619, 0.41222842320621833, 0.30678447432900535, 0.037808566118899156, 0.8231691976160502, 0.9991469437723334, 0.5946994053984302, 0.6388880379130387, 0.3261995757894369, 0.029362446765529238], [0.40728117794375274, 0.28320795835791157, 0.3087232008011529, 0.0622477350236631, 0.8779686618778504, 0.23097881411142107, 0.3859800448438032, 0.3822426315436772, 0.7618310533794482, 0.7490013465574774, 0.7549779734599295, 0.30678447432900535, 0.9587043749681073, 0.27116525414845005, 0.42282751224303716, 0.2693355196913868, 0.7205109883267424, 0.004685530056231069, 0.8425828862442494, 0.5869887475317342], [0.8874592596838912, 0.7736431374272061, 0.850808274795713, 0.36170117622475995, 0.45210843265749767, 0.07169065652879725, 0.21291671780438304, 0.2723396578208034, 0.5126230987022433, 0.48178226488728715, 0.4192714076475256, 0.037808566118899156, 0.27116525414845005, 0.6717115727400172, 0.2777067009780674, 0.8863789604285878, 0.7830915965736269, 0.47170828293285805, 0.6257342899413335, 0.9192909047033423], [0.7251969365323563, 0.8984657160034629, 0.8995483023578228, 0.96089580046799, 0.5817753432697313, 0.5589304098509539, 0.3713128715625077, 0.41922761056287494, 0.3428117602881021, 0.5517341259120946, 0.8781715346274073, 0.8231691976160502, 0.42282751224303716, 0.2777067009780674, 0.8359115261863739, 0.7957667322046188, 0.10118913152904463, 0.40712421049516356, 0.14072580606966034, 0.5089627513539295], [0.009846539849650227, 0.053388050619118, 0.6471798058031573, 0.9230941544657519, 0.3556721020812621, 0.940033706596188, 0.430996205601899, 0.9321100434797551, 0.9546513276787095, 0.3474900132311679, 0.2361234554540853, 0.9991469437723334, 0.2693355196913868, 0.8863789604285878, 0.7957667322046188, 0.22705613633069122, 0.9878758021978846, 0.9990687313621878, 0.5782451023887244, 0.16457876605310517], [0.6896361734129853, 0.34643229376697604, 0.8155497776740992, 0.45277124952762593, 0.5248203410749117, 0.980226550961146, 0.5720875568272119, 0.8176127149326623, 0.12297267378810284, 0.25066610407760614, 0.8787948760932865, 0.5946994053984302, 0.7205109883267424, 0.7830915965736269, 0.10118913152904463, 0.9878758021978846, 0.03193091300250839, 0.38333896471545326, 0.11384182598341941, 0.6221138091043364], [0.2217104193681101, 0.028156616213035446, 0.5477547342187089, 0.3257293667990373, 0.387246207790674, 0.622554167872048, 0.8846147404840734, 0.35412521147849463, 0.27562188877297855, 0.09787073194194051, 0.47889592482239585, 0.6388880379130387, 0.004685530056231069, 0.47170828293285805, 0.40712421049516356, 0.9990687313621878, 0.38333896471545326, 0.5697283477774833, 0.056228899589461756, 0.5312486876860192], [0.6117834093305834, 0.31044267349158006, 0.6426764006339315, 0.35531357060985636, 0.5549325586697326, 0.7587099684969507, 0.13216885339985418, 0.8947948427505307, 0.34218403679563303, 0.7590576726191539, 0.22316594973725867, 0.3261995757894369, 0.8425828862442494, 0.6257342899413335, 0.14072580606966034, 0.5782451023887244, 0.11384182598341941, 0.056228899589461756, 0.9459452355049887, 0.8032677672347187], [0.28979433262597143, 0.45684639173164365, 0.20944736112505136, 0.349994573254349, 0.660882272310717, 0.17528359552293515, 0.13604479769114886, 0.9445301686887062, 0.6268876033332182, 0.3546370118181591, 0.6765764568937686, 0.029362446765529238, 0.5869887475317342, 0.9192909047033423, 0.5089627513539295, 0.16457876605310517, 0.6221138091043364, 0.5312486876860192, 0.8032677672347187, 0.819493187774892]], [[0.19559181548360127, 0.5933508824812832, 0.6694870863086194, 0.8390521221724391, 0.6065746124149851, 0.06353729581475898, 0.6380160442006702, 0.71106642992733, 0.7106622418710971, 0.6441068467235258, 0.37684715999856144, 0.5097177725609473, 0.7932099662584741, 0.45720628702441013, 0.979064984714575, 0.9492697191010935, 0.5213690149982737, 0.5555776840556534, 0.542362999183121, 0.2606692008098723], [0.5933508824812832, 0.08545137983738749, 0.49645099058652964, 0.3564113242266739, 0.6436485516341401, 0.21609595179675312, 0.8540565030063845, 0.09333554235824382, 0.6938015365477258, 0.24512072625484316, 0.37763841575514967, 0.4319255977738987, 0.8151342251028348, 0.3351671491467072, 0.6110354257630326, 0.5226696711769575, 0.02054749947411072, 0.9193212638048902, 0.26841541274965386, 0.700605081043508], [0.6694870863086194, 0.49645099058652964, 0.8299699697594162, 0.35622185580889965, 0.11482011783815738, 0.8526278886580244, 0.260627587913668, 0.15534162964716136, 0.8258622859367832, 0.17799280428919095, 0.7972917510270264, 0.4104589032756941, 0.015199550446208576, 0.7791252661272606, 0.5430744003188338, 0.5158577386084598, 0.19714170574910794, 0.573540502162722, 0.5894367755467885, 0.17015011411643177], [0.8390521221724391, 0.3564113242266739, 0.35622185580889965, 0.5839019176471739, 0.042471270271681405, 0.8519184994255244, 0.7271968982734613, 0.4032455378420501, 0.1416455925030743, 0.5709567459660753, 0.5674420000580409, 0.9322207069083284, 0.8490616999657427, 0.49992265195058205, 0.9887597631172123, 0.18327680840300875, 0.6981238474381296, 0.5231064446610408, 0.961611020490426, 0.8861869836669025], [0.6065746124149851, 0.6436485516341401, 0.11482011783815738, 0.042471270271681405, 0.6218263758378043, 0.8662507958354854, 0.5656652411467896, 0.517104629400901, 0.6444320244086258, 0.8186677488234375, 0.3093927361828259, 0.6341805357742618, 0.07071796653858864, 0.8895398219978486, 0.8105755186904152, 0.6162899781695241, 0.3260041841649498, 0.6110703284625091, 0.6575211856098329, 0.828911723132604], [0.06353729581475898, 0.21609595179675312, 0.8526278886580244, 0.8519184994255244, 0.8662507958354854, 0.8940776924833561, 0.3727370347486044, 0.7163078920953522, 0.9098462465978442, 0.46310881252931513, 0.47478369793132436, 0.6691100940630474, 0.7219591249118809, 0.19865299949748538, 0.24384613945440325, 0.4174464417326701, 0.8713120245598073, 0.5825384286904615, 0.6881421550692057, 0.7500378408109337], [0.6380160442006702, 0.8540565030063845, 0.260627587913668, 0.7271968982734613, 0.5656652411467896, 0.3727370347486044, 0.9381685954980162, 0.7248399925601943, 0.058030560275528, 0.8108417570615688, 0.6172892927817295, 0.5136453774918802, 0.06398343909271476, 0.19300455009724826, 0.45587423668683913, 0.8262537076749539, 0.558379683952363, 0.4206537262787965, 0.6017879083907322, 0.4144754101307079], [0.71106642992733, 0.09333554235824382, 0.15534162964716136, 0.4032455378420501, 0.517104629400901, 0.7163078920953522, 0.7248399925601943, 0.597839406256825, 0.6614344545839529, 0.28629043327184134, 0.7413195016405383, 0.3144130394540062, 0.8581311506846688, 0.04465020131664765, 0.9855902503138548, 0.4788309501215471, 0.3872386934477281, 0.15134734664490568, 0.5851152085442358, 0.8072569680499891], [0.7106622418710971, 0.6938015365477258, 0.8258622859367832, 0.1416455925030743, 0.6444320244086258, 0.9098462465978442, 0.058030560275528, 0.6614344545839529, 0.7844265287106486, 0.40477947224259614, 0.10955292728210808, 0.6632687525351865, 0.611465057835725, 0.46068129911080424, 0.18012989241487998, 0.2587554563163067, 0.9305592272682665, 0.9985243057872556, 0.009742217506454542, 0.15091171902047795], [0.6441068467235258, 0.24512072625484316, 0.17799280428919095, 0.5709567459660753, 0.8186677488234375, 0.46310881252931513, 0.8108417570615688, 0.28629043327184134, 0.40477947224259614, 0.790368944213513, 0.16121048809701455, 0.7891511398569477, 0.63871486196855, 0.31418262425783405, 0.3992588839584065, 0.1113540361853953, 0.04246858307338286, 0.8554810743175512, 0.49672244988014114, 0.05068843461673833], [0.37684715999856144, 0.37763841575514967, 0.7972917510270264, 0.5674420000580409, 0.3093927361828259, 0.47478369793132436, 0.6172892927817295, 0.7413195016405383, 0.10955292728210808, 0.16121048809701455, 0.6115653678048002, 0.37818819547023586, 0.6875231710120697, 0.5525844333470012, 0.7096492179871593, 0.8738715260993033, 0.3826382055780445, 0.5463899848255152, 0.48640453417860574, 0.09251893343270978], [0.5097177725609473, 0.4319255977738987, 0.4104589032756941, 0.9322207069083284, 0.6341805357742618, 0.6691100940630474, 0.5136453774918802, 0.3144130394540062, 0.6632687525351865, 0.7891511398569477, 0.37818819547023586, 0.19040901787914588, 0.15109505477628238, 0.9324463081357657, 0.8482210281723492, 0.6232505962100694, 0.02603003926026004, 0.9279780242365702, 0.8873125029781819, 0.537904148430241], [0.7932099662584741, 0.8151342251028348, 0.015199550446208576, 0.8490616999657427, 0.07071796653858864, 0.7219591249118809, 0.06398343909271476, 0.8581311506846688, 0.611465057835725, 0.63871486196855, 0.6875231710120697, 0.15109505477628238, 0.9960241120154639, 0.5654648176380314, 0.9555932190586578, 0.021095302506416114, 0.7761109818829646, 0.34970143651584606, 0.6404670257138521, 0.2899415268422705], [0.45720628702441013, 0.3351671491467072, 0.7791252661272606, 0.49992265195058205, 0.8895398219978486, 0.19865299949748538, 0.19300455009724826, 0.04465020131664765, 0.46068129911080424, 0.31418262425783405, 0.5525844333470012, 0.9324463081357657, 0.5654648176380314, 0.20208481665886968, 0.4150427910727853, 0.3906509135863181, 0.22712764061964252, 0.9868290261590908, 0.5838113914208382, 0.6042168896033575], [0.979064984714575, 0.6110354257630326, 0.5430744003188338, 0.9887597631172123, 0.8105755186904152, 0.24384613945440325, 0.45587423668683913, 0.9855902503138548, 0.18012989241487998, 0.3992588839584065, 0.7096492179871593, 0.8482210281723492, 0.9555932190586578, 0.4150427910727853, 0.9819237330875374, 0.9368639021822495, 0.9909310514923082, 0.003908746454951206, 0.9624436536529739, 0.8972965364449943], [0.9492697191010935, 0.5226696711769575, 0.5158577386084598, 0.18327680840300875, 0.6162899781695241, 0.4174464417326701, 0.8262537076749539, 0.4788309501215471, 0.2587554563163067, 0.1113540361853953, 0.8738715260993033, 0.6232505962100694, 0.021095302506416114, 0.3906509135863181, 0.9368639021822495, 0.036676307945504805, 0.386250142273338, 0.7933820173867991, 0.9576600121284453, 0.4080671454204503], [0.5213690149982737, 0.02054749947411072, 0.19714170574910794, 0.6981238474381296, 0.3260041841649498, 0.8713120245598073, 0.558379683952363, 0.3872386934477281, 0.9305592272682665, 0.04246858307338286, 0.3826382055780445, 0.02603003926026004, 0.7761109818829646, 0.22712764061964252, 0.9909310514923082, 0.386250142273338, 0.7003346171231837, 0.9584959650334854, 0.73029757688682, 0.14561867472787526], [0.5555776840556534, 0.9193212638048902, 0.573540502162722, 0.5231064446610408, 0.6110703284625091, 0.5825384286904615, 0.4206537262787965, 0.15134734664490568, 0.9985243057872556, 0.8554810743175512, 0.5463899848255152, 0.9279780242365702, 0.34970143651584606, 0.9868290261590908, 0.003908746454951206, 0.7933820173867991, 0.9584959650334854, 0.08296812690369604, 0.14383779732550672, 0.09586756738190505], [0.542362999183121, 0.26841541274965386, 0.5894367755467885, 0.961611020490426, 0.6575211856098329, 0.6881421550692057, 0.6017879083907322, 0.5851152085442358, 0.009742217506454542, 0.49672244988014114, 0.48640453417860574, 0.8873125029781819, 0.6404670257138521, 0.5838113914208382, 0.9624436536529739, 0.9576600121284453, 0.73029757688682, 0.14383779732550672, 0.9954733522459867, 0.5194900288762232], [0.2606692008098723, 0.700605081043508, 0.17015011411643177, 0.8861869836669025, 0.828911723132604, 0.7500378408109337, 0.4144754101307079, 0.8072569680499891, 0.15091171902047795, 0.05068843461673833, 0.09251893343270978, 0.537904148430241, 0.2899415268422705, 0.6042168896033575, 0.8972965364449943, 0.4080671454204503, 0.14561867472787526, 0.09586756738190505, 0.5194900288762232, 0.7197358740215075]], [[0.2749817027837518, 0.6840841223665093, 0.7551316382727176, 0.9983212129891584, 0.5875820825394013, 0.7451467266888256, 0.419362817770107, 0.715778916054431, 0.2756959166803228, 0.7083007332452727, 0.22485044991741931, 0.7912386557139496, 0.5658797114583032, 0.5032488129380902, 0.8065438422866722, 0.32539953077432016, 0.8066523060455455, 0.15996570821411138, 0.35385283175702475, 0.41507615950034704], [0.6840841223665093, 0.501536809121627, 0.9749617193300494, 0.9598575289596196, 0.6325416741317955, 0.4733658595874184, 0.8614673932652707, 0.1464228390132205, 0.9432375159778237, 0.5786854584575428, 0.6459387367359093, 0.43088449327378076, 0.7936095862134441, 0.45135145319301506, 0.18889375352396487, 0.1364096689810752, 0.42864719961475384, 0.10522129009837855, 0.2811256914758281, 0.779853763256524], [0.7551316382727176, 0.9749617193300494, 0.8561049493385844, 0.41938383571939253, 0.873769472461186, 0.4625792245837791, 0.14648211211211248, 0.016459281507042345, 0.6397660054799917, 0.3945207806055282, 0.5051840370830517, 0.9833928500904467, 0.42961070520429623, 0.07567988285541394, 0.1572365056616708, 0.1958146716974316, 0.7369975592901871, 0.5470533925064468, 0.24900131797154834, 0.48694244638310735], [0.9983212129891584, 0.9598575289596196, 0.41938383571939253, 0.06531376387895083, 0.8659514368814715, 0.7715926468802407, 0.5707820677465687, 0.01907411637134826, 0.9756384947642808, 0.4830888161480027, 0.19391305393121527, 0.7644950787017178, 0.04454841988806335, 0.5531463458908356, 0.5590111167156923, 0.12334881367643391, 0.7378959997784629, 0.941635248972529, 0.7063362720399384, 0.906151571972733], [0.5875820825394013, 0.6325416741317955, 0.873769472461186, 0.8659514368814715, 0.8648783608780934, 0.03349469924550408, 0.7657698321293657, 0.7406470797103631, 0.8416617392962712, 0.46664036483143423, 0.45316557508413535, 0.89516745801193, 0.1466557171312587, 0.28217273480648375, 0.3988657171071285, 0.5774813441209194, 0.6336241618378575, 0.39414836427881195, 0.08319238716801469, 0.13526538963942536], [0.7451467266888256, 0.4733658595874184, 0.4625792245837791, 0.7715926468802407, 0.03349469924550408, 0.909021349760322, 0.19841532497474434, 0.8224889988226862, 0.3611396581958618, 0.404017380726435, 0.42940741778438973, 0.8535074181282492, 0.8501988515058656, 0.8726489602463837, 0.1444994774900622, 0.7758829463264711, 0.3320148683046923, 0.732303714904815, 0.552262771867891, 0.0616053118968255], [0.419362817770107, 0.8614673932652707, 0.14648211211211248, 0.5707820677465687, 0.7657698321293657, 0.19841532497474434, 0.3946943081162362, 0.6639217732307605, 0.6409836100296873, 0.2672042054701319, 0.07438976377934325, 0.8644906481898368, 0.3900066927789706, 0.3830284443726115, 0.9776137104441774, 0.45798208507751936, 0.2696771255013293, 0.23754138199875297, 0.9098672245964718, 0.6449799585334542], [0.715778916054431, 0.1464228390132205, 0.016459281507042345, 0.01907411637134826, 0.7406470797103631, 0.8224889988226862, 0.6639217732307605, 0.9888496650379293, 0.9835994154234781, 0.24152746966619543, 0.41679569111287507, 0.5710406863210863, 0.0036369819926731495, 0.03664623261060995, 0.27419108636717604, 0.729909804856878, 0.011545525566980519, 0.06762107269377537, 0.24806773792856973, 0.30692673043401053], [0.2756959166803228, 0.9432375159778237, 0.6397660054799917, 0.9756384947642808, 0.8416617392962712, 0.3611396581958618, 0.6409836100296873, 0.9835994154234781, 0.5355578560095928, 0.74268724804896, 0.8695260992710951, 0.4660146601477262, 0.052957910782919115, 0.4178275816173639, 0.9195613423487261, 0.6676103260737923, 0.4802939390572024, 0.19725707777036705, 0.33215828434398476, 0.46506926254485714], [0.7083007332452727, 0.5786854584575428, 0.3945207806055282, 0.4830888161480027, 0.46664036483143423, 0.404017380726435, 0.2672042054701319, 0.24152746966619543, 0.74268724804896, 0.14139308032114994, 0.4101300358673623, 0.058686957040048005, 0.11978492708866617, 0.8695544186065471, 0.4524415459913641, 0.6197959406941703, 0.7412466610834383, 0.3451026616665527, 0.6873559999739424, 0.9295375513731606], [0.22485044991741931, 0.6459387367359093, 0.5051840370830517, 0.19391305393121527, 0.45316557508413535, 0.42940741778438973, 0.07438976377934325, 0.41679569111287507, 0.8695260992710951, 0.4101300358673623, 0.0006357562249393878, 0.6877695639499436, 0.4400432918544761, 0.8606719788233598, 0.8220798658580751, 0.6062504853531484, 0.5796019835987266, 0.6752848948314242, 0.6659036721239485, 0.5205925531759409], [0.7912386557139496, 0.43088449327378076, 0.9833928500904467, 0.7644950787017178, 0.89516745801193, 0.8535074181282492, 0.8644906481898368, 0.5710406863210863, 0.4660146601477262, 0.058686957040048005, 0.6877695639499436, 0.05191303956422566, 0.9352305897485657, 0.9245438346139085, 0.2367619493535934, 0.3852141141170463, 0.34556995732139417, 0.6086608413479129, 0.47193398602618086, 0.17112761263567766], [0.5658797114583032, 0.7936095862134441, 0.42961070520429623, 0.04454841988806335, 0.1466557171312587, 0.8501988515058656, 0.3900066927789706, 0.0036369819926731495, 0.052957910782919115, 0.11978492708866617, 0.4400432918544761, 0.9352305897485657, 0.5096937032237361, 0.6378584527419889, 0.6369285993495992, 0.22424139944915655, 0.14270808704774895, 0.5641120552974748, 0.474399446505281, 0.5157660667446899], [0.5032488129380902, 0.45135145319301506, 0.07567988285541394, 0.5531463458908356, 0.28217273480648375, 0.8726489602463837, 0.3830284443726115, 0.03664623261060995, 0.4178275816173639, 0.8695544186065471, 0.8606719788233598, 0.9245438346139085, 0.6378584527419889, 0.36190432898002034, 0.55786280315327, 0.08033853593657325, 0.7794194872304819, 0.28644779934006237, 0.4643545070116698, 0.8329267084200186], [0.8065438422866722, 0.18889375352396487, 0.1572365056616708, 0.5590111167156923, 0.3988657171071285, 0.1444994774900622, 0.9776137104441774, 0.27419108636717604, 0.9195613423487261, 0.4524415459913641, 0.8220798658580751, 0.2367619493535934, 0.6369285993495992, 0.55786280315327, 0.4471216263667396, 0.3112686946580051, 0.5114353457177776, 0.8792838958491572, 0.8528676478027154, 0.8150217676136923], [0.32539953077432016, 0.1364096689810752, 0.1958146716974316, 0.12334881367643391, 0.5774813441209194, 0.7758829463264711, 0.45798208507751936, 0.729909804856878, 0.6676103260737923, 0.6197959406941703, 0.6062504853531484, 0.3852141141170463, 0.22424139944915655, 0.08033853593657325, 0.3112686946580051, 0.1488633090837106, 0.8630804107855379, 0.17839945494501053, 0.7404674931744955, 0.5197905011186711], [0.8066523060455455, 0.42864719961475384, 0.7369975592901871, 0.7378959997784629, 0.6336241618378575, 0.3320148683046923, 0.2696771255013293, 0.011545525566980519, 0.4802939390572024, 0.7412466610834383, 0.5796019835987266, 0.34556995732139417, 0.14270808704774895, 0.7794194872304819, 0.5114353457177776, 0.8630804107855379, 0.21762976804746592, 0.6245992792152218, 0.6518019576557396, 0.2852319298417787], [0.15996570821411138, 0.10522129009837855, 0.5470533925064468, 0.941635248972529, 0.39414836427881195, 0.732303714904815, 0.23754138199875297, 0.06762107269377537, 0.19725707777036705, 0.3451026616665527, 0.6752848948314242, 0.6086608413479129, 0.5641120552974748, 0.28644779934006237, 0.8792838958491572, 0.17839945494501053, 0.6245992792152218, 0.3596277108726943, 0.5042834607577056, 0.05845962725924825], [0.35385283175702475, 0.2811256914758281, 0.24900131797154834, 0.7063362720399384, 0.08319238716801469, 0.552262771867891, 0.9098672245964718, 0.24806773792856973, 0.33215828434398476, 0.6873559999739424, 0.6659036721239485, 0.47193398602618086, 0.474399446505281, 0.4643545070116698, 0.8528676478027154, 0.7404674931744955, 0.6518019576557396, 0.5042834607577056, 0.7042622631125621, 0.4668056213867795], [0.41507615950034704, 0.779853763256524, 0.48694244638310735, 0.906151571972733, 0.13526538963942536, 0.0616053118968255, 0.6449799585334542, 0.30692673043401053, 0.46506926254485714, 0.9295375513731606, 0.5205925531759409, 0.17112761263567766, 0.5157660667446899, 0.8329267084200186, 0.8150217676136923, 0.5197905011186711, 0.2852319298417787, 0.05845962725924825, 0.4668056213867795, 0.36449947946688044]], [[0.7466751201109013, 0.9315815633756527, 0.99563161685825, 0.9769567987703013, 0.7677140180535073, 0.15715098438606567, 0.9628624655247725, 0.4123236658274291, 0.43296962194822086, 0.019736826467021684, 0.49208904316917934, 0.9786963245391933, 0.7839615358633311, 0.46692447099066714, 0.5412584247727759, 0.19809635313742424, 0.8131169513547696, 0.5326535723155634, 0.07250891873563525, 0.43542720341061314], [0.9315815633756527, 0.3498610633508564, 0.36331901111316445, 0.517878280370056, 0.3214127117825869, 0.9556170347119423, 0.3974172156255017, 0.8343124897791312, 0.8992020243588771, 0.4111643024431816, 0.6787621415098181, 0.853279531296404, 0.9475614700401311, 0.042762787290842486, 0.22482797432031443, 0.7604195832680511, 0.5985134033380818, 0.25674796943794786, 0.671116745382981, 0.29575354268412557], [0.99563161685825, 0.36331901111316445, 0.020387164769685162, 0.9425280021107981, 0.3672480273812684, 0.29368934883148223, 0.22102130529331954, 0.8834286729061017, 0.3167921222338804, 0.6569427945236196, 0.36031389251953216, 0.4644045302373522, 0.13769517370966233, 0.8917737086911163, 0.24627630070632245, 0.2666996111188302, 0.07092416874885721, 0.5476549757064615, 0.7072403204564092, 0.5615454620512819], [0.9769567987703013, 0.517878280370056, 0.9425280021107981, 0.19383279384423635, 0.09419723929322221, 0.4331100803015685, 0.32780743836604775, 0.46431551828578477, 0.9889901773305695, 0.7727277774497199, 0.7260925278663153, 0.599694429852035, 0.660872529934119, 0.4946112773704999, 0.24101600815836388, 0.16922683782467218, 0.9070908713447338, 0.8068512557724136, 0.17209512384772763, 0.339549780722727], [0.7677140180535073, 0.3214127117825869, 0.3672480273812684, 0.09419723929322221, 0.4579052097340828, 0.692425549757124, 0.29146434157904766, 0.6324648746375243, 0.011360419000250754, 0.7085048238702785, 0.03303777714791911, 0.8514137456674267, 0.36064105724715234, 0.5690089971616369, 0.21563771501862006, 0.4188586256312282, 0.6094861071902776, 0.15008388621156865, 0.7381408334884982, 0.1799736426056977], [0.15715098438606567, 0.9556170347119423, 0.29368934883148223, 0.4331100803015685, 0.692425549757124, 0.1658602130998792, 0.16137955787420621, 0.6774022321791996, 0.3224304199384921, 0.5388349201046556, 0.2761661170349152, 0.98330976498016, 0.9052476891431018, 0.005422424901135203, 0.17213170378469922, 0.2568798482542243, 0.5441728181392227, 0.04119588733959634, 0.8378200506908896, 0.5256164843357707], [0.9628624655247725, 0.3974172156255017, 0.22102130529331954, 0.32780743836604775, 0.29146434157904766, 0.16137955787420621, 0.44300891376221485, 0.12347803137650071, 0.28338627933015015, 0.8744633864603361, 0.5879013974255574, 0.04556383859296964, 0.6585062961170367, 0.5206216399216836, 0.880335433688752, 0.7158405491569053, 0.70479694549397, 0.9909635771183427, 0.6952212838169148, 0.11552549690020175], [0.4123236658274291, 0.8343124897791312, 0.8834286729061017, 0.46431551828578477, 0.6324648746375243, 0.6774022321791996, 0.12347803137650071, 0.18722780626709, 0.9789297092927498, 0.45067697662336903, 0.17726237158570834, 0.8517761468767318, 0.8898763682940127, 0.703696275990587, 0.4930372674532615, 0.6643996415002581, 0.5026164377631407, 0.7092962882503896, 0.7293150079847713, 0.6412118554389379], [0.43296962194822086, 0.8992020243588771, 0.3167921222338804, 0.9889901773305695, 0.011360419000250754, 0.3224304199384921, 0.28338627933015015, 0.9789297092927498, 0.5165581261639279, 0.7816715680394517, 0.12238713326447104, 0.9286135732764819, 0.529647526257565, 0.45291026453449956, 0.5974300867957977, 0.45424467454333106, 0.18035138205085477, 0.5556008787484364, 0.7930979114284162, 0.3968445389645384], [0.019736826467021684, 0.4111643024431816, 0.6569427945236196, 0.7727277774497199, 0.7085048238702785, 0.5388349201046556, 0.8744633864603361, 0.45067697662336903, 0.7816715680394517, 0.6379017387423621, 0.40441605964420346, 0.8351407029933677, 0.37789507095028085, 0.3493514207617805, 0.4938421020054866, 0.6087600518135129, 0.2698679251371743, 0.8989233578298811, 0.6907937132674781, 0.8676643610044135], [0.49208904316917934, 0.6787621415098181, 0.36031389251953216, 0.7260925278663153, 0.03303777714791911, 0.2761661170349152, 0.5879013974255574, 0.17726237158570834, 0.12238713326447104, 0.40441605964420346, 0.8338293890015155, 0.8250721609008724, 0.013458022166259909, 0.9828267629929308, 0.2784496255921306, 0.7257653665897283, 0.5641754082697246, 0.06394288504825463, 0.39024678342005603, 0.7066906303282084], [0.9786963245391933, 0.853279531296404, 0.4644045302373522, 0.599694429852035, 0.8514137456674267, 0.98330976498016, 0.04556383859296964, 0.8517761468767318, 0.9286135732764819, 0.8351407029933677, 0.8250721609008724, 0.6851878361933704, 0.22429817158932652, 0.6693361829104761, 0.8641754998632809, 0.306173049221361, 0.32590689041768117, 0.3365810171076675, 0.08748835729218585, 0.14648863396417744], [0.7839615358633311, 0.9475614700401311, 0.13769517370966233, 0.660872529934119, 0.36064105724715234, 0.9052476891431018, 0.6585062961170367, 0.8898763682940127, 0.529647526257565, 0.37789507095028085, 0.013458022166259909, 0.22429817158932652, 0.5717336599909169, 0.35070475310574756, 0.7372112055978526, 0.6532916333908402, 0.6558336885825904, 0.7124510170197167, 0.3610146632493928, 0.306120624318053], [0.46692447099066714, 0.042762787290842486, 0.8917737086911163, 0.4946112773704999, 0.5690089971616369, 0.005422424901135203, 0.5206216399216836, 0.703696275990587, 0.45291026453449956, 0.3493514207617805, 0.9828267629929308, 0.6693361829104761, 0.35070475310574756, 0.39345565575547115, 0.9870359795021516, 0.9044090430188012, 0.9079005354818588, 0.5183765058537516, 0.7725351480368322, 0.0964631596459452], [0.5412584247727759, 0.22482797432031443, 0.24627630070632245, 0.24101600815836388, 0.21563771501862006, 0.17213170378469922, 0.880335433688752, 0.4930372674532615, 0.5974300867957977, 0.4938421020054866, 0.2784496255921306, 0.8641754998632809, 0.7372112055978526, 0.9870359795021516, 0.9373095749767179, 0.047447572235445934, 0.5661520558936163, 0.08248055061560366, 0.5958763060054929, 0.5958296566540994], [0.19809635313742424, 0.7604195832680511, 0.2666996111188302, 0.16922683782467218, 0.4188586256312282, 0.2568798482542243, 0.7158405491569053, 0.6643996415002581, 0.45424467454333106, 0.6087600518135129, 0.7257653665897283, 0.306173049221361, 0.6532916333908402, 0.9044090430188012, 0.047447572235445934, 0.7982637541395957, 0.5481319152944116, 0.2041912920666208, 0.3972480971074688, 0.166258159347904], [0.8131169513547696, 0.5985134033380818, 0.07092416874885721, 0.9070908713447338, 0.6094861071902776, 0.5441728181392227, 0.70479694549397, 0.5026164377631407, 0.18035138205085477, 0.2698679251371743, 0.5641754082697246, 0.32590689041768117, 0.6558336885825904, 0.9079005354818588, 0.5661520558936163, 0.5481319152944116, 0.7246372788359924, 0.4997662280318045, 0.8515936562021323, 0.5565729311359466], [0.5326535723155634, 0.25674796943794786, 0.5476549757064615, 0.8068512557724136, 0.15008388621156865, 0.04119588733959634, 0.9909635771183427, 0.7092962882503896, 0.5556008787484364, 0.8989233578298811, 0.06394288504825463, 0.3365810171076675, 0.7124510170197167, 0.5183765058537516, 0.08248055061560366, 0.2041912920666208, 0.4997662280318045, 0.003875339913218756, 0.14377837652682923, 0.8496317613930569], [0.07250891873563525, 0.671116745382981, 0.7072403204564092, 0.17209512384772763, 0.7381408334884982, 0.8378200